image_width: 640
image_height: 480
camera_name: head_camera
camera_matrix:
  rows: 3
  cols: 3
  data: [642.5793848798857, 0, 336.6232716787631, 0, 644.8809875234275, 244.8304806035557, 0, 0, 1]
distortion_model: plumb_bob
distortion_coefficients:
  rows: 1
  cols: 5
  data: [0.06923333455423904, -0.2093863397070307, 0.004741945086550768, 0.006364498443954369, 0]
rectification_matrix:
  rows: 3
  cols: 3
  data: [1, 0, 0, 0, 1, 0, 0, 0, 1]
projection_matrix:
  rows: 3
  cols: 4
  data: [644.9146728515625, 0, 340.1058678984409, 0, 0, 650.4939575195312, 246.3741188146396, 0, 0, 0, 1, 0]